2019	1	10	70478	1.9705e+05	-4.7551e+06	4.2323e+06	0.004	-0.0071	0.0068	0.0064	0.0159	0.0092	0.0288	0.0711	0.0413
2019	1	10	70479	1.9705e+05	-4.7551e+06	4.2323e+06	-0.0034	-0.0159	-0.0095	0.0065	0.0159	0.0093	0.0288	0.0711	0.0414
2019	1	10	70480	1.9705e+05	-4.7551e+06	4.2323e+06	-0.0018	-0.0025	0.0035	0.0065	0.0159	0.0093	0.0129	0.0317	0.0185
2019	1	10	70481	1.9705e+05	-4.7551e+06	4.2323e+06	0.0018	0.0461	0.0022	0.0065	0.0159	0.0092	0.0289	0.0711	0.0414
2019	1	10	70482	1.9705e+05	-4.7551e+06	4.2323e+06	-0.0015	-0.0048	-0.0034	0.0065	0.0198	0.01	0.013	0.0394	0.02
2019	1	10	70483	1.9705e+05	-4.7551e+06	4.2323e+06	0.0118	0.0292	-0.0264	0.0065	0.0159	0.0092	0.0289	0.0712	0.0413
2019	1	10	70484	1.9705e+05	-4.7551e+06	4.2323e+06	-0.0002	-0.002	-0.0017	0.0065	0.0159	0.0093	0.0129	0.0318	0.0185
2019	1	10	70485	1.9705e+05	-4.7551e+06	4.2323e+06	0.0005	-0.0002	0.0001	0.0065	0.0159	0.0092	0.0129	0.0317	0.0185
2019	1	10	70486	1.9705e+05	-4.7551e+06	4.2323e+06	0.0003	-0.0027	0.0057	0.0065	0.0159	0.0092	0.0204	0.0503	0.0292
2019	1	10	70487	1.9705e+05	-4.7551e+06	4.2323e+06	-0.0009	-0.0025	0.0022	0.0065	0.0159	0.0092	0.0129	0.0317	0.0184
2019	1	10	70488	1.9705e+05	-4.7551e+06	4.2323e+06	0.0048	-0.0311	0.006	0.0065	0.0159	0.0093	0.0205	0.0503	0.0292
2019	1	10	70489	1.9705e+05	-4.7551e+06	4.2323e+06	0.0021	0.0066	0.0308	0.0065	0.0159	0.0092	0.0289	0.0711	0.0413
2019	1	10	70490	1.9705e+05	-4.7551e+06	4.2323e+06	0.0008	0.0054	-0.0038	0.0065	0.016	0.0093	0.013	0.0319	0.0185
2019	1	10	70491	1.9705e+05	-4.7551e+06	4.2323e+06	-0.0294	-0.0326	-0.0444	0.0065	0.0159	0.0093	0.029	0.0713	0.0414
2019	1	10	70492	1.9705e+05	-4.7551e+06	4.2323e+06	0.0013	0.0208	-0.0094	0.0065	0.0161	0.0093	0.013	0.032	0.0185
2019	1	10	70493	1.9705e+05	-4.7551e+06	4.2323e+06	-0.001	-0.0214	0.0085	0.0065	0.0161	0.0093	0.013	0.0321	0.0186
2019	1	10	70494	1.9705e+05	-4.7551e+06	4.2323e+06	-0.007	0.0154	0.0006	0.0065	0.016	0.0093	0.0292	0.0717	0.0416
2019	1	10	70495	1.9705e+05	-4.7551e+06	4.2323e+06	-0.0059	0.0129	-0.0217	0.0066	0.0161	0.0094	0.0131	0.0322	0.0187
2019	1	10	70496	1.9705e+05	-4.7551e+06	4.2323e+06	-0.0055	-0.0026	0.0036	0.0066	0.0162	0.0094	0.0147	0.0362	0.021
2019	1	10	70497	1.9705e+05	-4.7551e+06	4.2323e+06	0.0142	-0.0162	0.0252	0.0066	0.0161	0.0094	0.0208	0.051	0.0297
2019	1	10	70498	1.9705e+05	-4.7551e+06	4.2323e+06	0.0134	-0.0258	0.0267	0.0066	0.0162	0.0094	0.0294	0.0723	0.042
2019	1	10	70499	1.9705e+05	-4.7551e+06	4.2323e+06	-0.0012	0.0002	0.0006	0.0066	0.0162	0.0094	0.0209	0.0513	0.0297
2019	1	10	70500	1.9705e+05	-4.7551e+06	4.2323e+06	0.0211	-0.0375	0.0011	0.0066	0.0162	0.0094	0.0296	0.0724	0.042
2019	1	10	70501	1.9705e+05	-4.7551e+06	4.2323e+06	0.0018	-0.0044	0.0066	0.0066	0.0161	0.0094	0.0132	0.0322	0.0187
2019	1	10	70502	1.9705e+05	-4.7551e+06	4.2323e+06	0.0087	-0.0127	0.0144	0.0066	0.0162	0.0094	0.0296	0.0722	0.042
2019	1	10	70503	1.9705e+05	-4.7551e+06	4.2323e+06	-0.0033	0.0081	-0.0145	0.0066	0.0162	0.0094	0.0148	0.0361	0.021
2019	1	10	70504	1.9705e+05	-4.7551e+06	4.2323e+06	0.0024	-0.0232	0.027	0.0066	0.0162	0.0094	0.0133	0.0323	0.0188
2019	1	10	70505	1.9705e+05	-4.7551e+06	4.2323e+06	-0.0006	0.014	-0.0109	0.0066	0.0161	0.0094	0.0295	0.0722	0.042
2019	1	10	70506	1.9705e+05	-4.7551e+06	4.2323e+06	-0.0036	-0.0018	0.0049	0.0067	0.02	0.0102	0.0149	0.0447	0.0227
2019	1	10	70507	1.9705e+05	-4.7551e+06	4.2323e+06	0.0033	-0.002	0.0052	0.0066	0.0141	0.009	0.0132	0.0282	0.018
2019	1	10	70508	1.9705e+05	-4.7551e+06	4.2323e+06	0.0027	-0.0366	0.0094	0.0066	0.0143	0.009	0.0147	0.032	0.0202
2019	1	10	70509	1.9705e+05	-4.7551e+06	4.2323e+06	-0.0155	-0.0132	0.0008	0.0066	0.0162	0.0094	0.0295	0.0723	0.042
2019	1	10	70510	1.9705e+05	-4.7551e+06	4.2323e+06	-0.0019	0.0021	-0.0041	0.0066	0.0162	0.0094	0.0132	0.0325	0.0188
2019	1	10	70511	1.9705e+05	-4.7551e+06	4.2323e+06	-0.0241	0.0329	-0.0521	0.0067	0.0162	0.0094	0.0298	0.0727	0.0422
2019	1	10	70512	1.9705e+05	-4.7551e+06	4.2323e+06	0.0038	0.004	0.0035	0.0067	0.0201	0.0102	0.0134	0.0403	0.0204
2019	1	10	70513	1.9705e+05	-4.7551e+06	4.2323e+06	0.0049	-0.0052	0.003	0.0066	0.0147	0.0091	0.0147	0.0329	0.0204
2019	1	10	70514	1.9705e+05	-4.7551e+06	4.2323e+06	-0.0067	0.0015	0.0082	0.0066	0.0161	0.0093	0.0293	0.0719	0.0418
2019	1	10	70515	1.9705e+05	-4.7551e+06	4.2323e+06	-0.0014	0.0035	0.0028	0.0066	0.0162	0.0094	0.0131	0.0324	0.0187
2019	1	10	70516	1.9705e+05	-4.7551e+06	4.2323e+06	0.0261	0	0.0233	0.0066	0.0162	0.0094	0.0293	0.0723	0.0418
2019	1	10	70517	1.9705e+05	-4.7551e+06	4.2323e+06	-0.0033	-0.0089	-0.0064	0.0065	0.0162	0.0093	0.0169	0.0417	0.0241
2019	1	10	70518	1.9705e+05	-4.7551e+06	4.2323e+06	0.0034	-0.0097	0.0014	0.0065	0.0162	0.0094	0.0146	0.0361	0.0209
2019	1	10	70519	1.9705e+05	-4.7551e+06	4.2323e+06	-0.0142	-0.0711	0.0426	0.0065	0.0162	0.0093	0.0293	0.0725	0.0418
2019	1	10	70520	1.9705e+05	-4.7551e+06	4.2323e+06	0.009	0.0081	-0.0101	0.0065	0.0161	0.0093	0.0292	0.0722	0.0418
2019	1	10	70521	1.9705e+05	-4.7551e+06	4.2323e+06	0.0064	-0.1214	0.035	0.0066	0.0163	0.0094	0.0294	0.0728	0.042
2019	1	10	70522	1.9705e+05	-4.7551e+06	4.2323e+06	0.0007	-0.0043	-0.0018	0.0066	0.0164	0.0094	0.0147	0.0365	0.0211
2019	1	10	70523	1.9705e+05	-4.7551e+06	4.2323e+06	0.0002	-0.0172	0.0159	0.0065	0.0163	0.0094	0.0146	0.0365	0.021
2019	1	10	70524	1.9705e+05	-4.7551e+06	4.2323e+06	-0.0135	-0.0509	-0.0026	0.0065	0.0163	0.0094	0.0292	0.0731	0.0421
2019	1	10	70525	1.9705e+05	-4.7551e+06	4.2323e+06	0.0025	0.024	0.0002	0.0066	0.0163	0.0094	0.0293	0.073	0.0421
2019	1	10	70526	1.9705e+05	-4.7551e+06	4.2323e+06	-0.0122	0.0235	-0.0087	0.0066	0.0163	0.0094	0.0294	0.073	0.0421
2019	1	10	70527	1.9705e+05	-4.7551e+06	4.2323e+06	0.0061	-0.0232	0.0187	0.0065	0.0162	0.0094	0.0293	0.0725	0.042
2019	1	10	70528	1.9705e+05	-4.7551e+06	4.2323e+06	0.0086	0.0357	-0.0357	0.0066	0.0189	0.0099	0.0293	0.0789	0.0432
2019	1	10	70529	1.9705e+05	-4.7551e+06	4.2323e+06	0.0239	0.0312	-0.0051	0.0066	0.0183	0.0098	0.0294	0.0822	0.0439
2019	1	10	70530	1.9705e+05	-4.7551e+06	4.2323e+06	0.0101	-0.0624	0.0242	0.0066	0.0173	0.0096	0.0294	0.0774	0.0429
2019	1	10	70531	1.9705e+05	-4.7551e+06	4.2323e+06	-0.0154	0.0847	-0.0744	0.0065	0.0166	0.0094	0.0292	0.0745	0.0423
2019	1	10	70532	1.9705e+05	-4.7551e+06	4.2323e+06	0.0224	0.0338	-0.013	0.0065	0.0164	0.0094	0.0292	0.0736	0.0421
2019	1	10	70533	1.9705e+05	-4.7551e+06	4.2323e+06	-0.0088	-0.0018	-0.0238	0.0066	0.0175	0.0096	0.0293	0.0785	0.043
2019	1	10	70534	1.9705e+05	-4.7551e+06	4.2323e+06	0.0033	-0.0018	0.0283	0.0065	0.0167	0.0094	0.0292	0.0749	0.0423
2019	1	10	70535	1.9705e+05	-4.7551e+06	4.2323e+06	-0.0083	-0.0171	-0.0168	0.0065	0.0164	0.0094	0.029	0.0732	0.0419
2019	1	10	70536	1.9705e+05	-4.7551e+06	4.2323e+06	0.0129	-0.0129	0.0236	0.0065	0.0162	0.0094	0.029	0.0727	0.0418
2019	1	10	70537	1.9705e+05	-4.7551e+06	4.2323e+06	-0.0161	0.0614	-0.0134	0.0065	0.0162	0.0093	0.029	0.0726	0.0418
2019	1	10	70538	1.9705e+05	-4.7551e+06	4.2323e+06	-0.0099	0.0379	-0.0366	0.0065	0.0162	0.0093	0.029	0.0723	0.0417
2019	1	10	70539	1.9705e+05	-4.7551e+06	4.2323e+06	0.0049	0.0293	-0.001	0.0065	0.0161	0.0093	0.0289	0.0722	0.0417
2019	1	10	70540	1.9705e+05	-4.7551e+06	4.2323e+06	-0.0018	-0.0035	0.0468	0.0065	0.0161	0.0093	0.0289	0.072	0.0416
2019	1	10	70541	1.9705e+05	-4.7551e+06	4.2323e+06	-0.0021	0.0216	-0.0219	0.0065	0.0161	0.0093	0.029	0.0722	0.0417
2019	1	10	70542	1.9705e+05	-4.7551e+06	4.2323e+06	-0.0002	0.0159	0.0248	0.0065	0.0161	0.0093	0.029	0.0722	0.0417
2019	1	10	70543	1.9705e+05	-4.7551e+06	4.2323e+06	-0.0096	0.0014	-0.0113	0.0065	0.0204	0.0102	0.0292	0.091	0.0457
2019	1	10	70544	1.9705e+05	-4.7551e+06	4.2323e+06	0.004	-0.0329	0.0069	0.0064	0.0161	0.0093	0.0288	0.072	0.0416
2019	1	10	70545	1.9705e+05	-4.7551e+06	4.2323e+06	0.0245	-0.0516	0.0108	0.0064	0.0163	0.0093	0.0287	0.0733	0.0418
2019	1	10	70546	1.9705e+05	-4.7551e+06	4.2323e+06	0.0201	0.2774	-0.0864	0.0064	0.0161	0.0093	0.0287	0.0729	0.0417
2019	1	10	70547	1.9705e+05	-4.7551e+06	4.2323e+06	-0.0047	0.0521	-0.0026	0.0064	0.0161	0.0093	0.0287	0.0719	0.0416
2019	1	10	70548	1.9705e+05	-4.7551e+06	4.2323e+06	-0.002	-0.0038	-0.0058	0.0064	0.016	0.0093	0.0286	0.0717	0.0415
2019	1	10	70549	1.9705e+05	-4.7551e+06	4.2323e+06	0.0026	0.0118	-0.023	0.0064	0.0161	0.0093	0.0286	0.0718	0.0415
2019	1	10	70550	1.9705e+05	-4.7551e+06	4.2323e+06	-0.0098	0.0689	-0.0206	0.0064	0.016	0.0093	0.0287	0.0717	0.0416
2019	1	10	70551	1.9705e+05	-4.7551e+06	4.2323e+06	0.0009	-0.0316	0.018	0.0064	0.016	0.0093	0.0287	0.0717	0.0415
2019	1	10	70552	1.9705e+05	-4.7551e+06	4.2323e+06	-0.0181	0.023	-0.0685	0.0064	0.016	0.0093	0.0286	0.0716	0.0415
2019	1	10	70553	1.9705e+05	-4.7551e+06	4.2323e+06	-0.0009	0.0088	0.0052	0.0064	0.016	0.0093	0.0143	0.0358	0.0208
2019	1	10	70554	1.9705e+05	-4.7551e+06	4.2323e+06	-0.0131	-0.0006	-0.0207	0.0064	0.016	0.0093	0.0288	0.0716	0.0416
2019	1	10	70555	1.9705e+05	-4.7551e+06	4.2323e+06	0.0215	-0.0727	0.0403	0.0065	0.02	0.0101	0.0291	0.0892	0.0453
2019	1	10	70556	1.9705e+05	-4.7551e+06	4.2323e+06	-0.0053	-0.0407	-0.03	0.0064	0.0137	0.0089	0.0286	0.061	0.0396
2019	1	10	70557	1.9705e+05	-4.7551e+06	4.2323e+06	0.0037	-0.0197	-0.0012	0.0064	0.0139	0.0089	0.0202	0.0437	0.028
2019	1	10	70558	1.9705e+05	-4.7551e+06	4.2323e+06	-0.0171	0.0118	-0.0077	0.0064	0.016	0.0093	0.0128	0.032	0.0185
2019	1	10	70559	1.9705e+05	-4.7551e+06	4.2323e+06	-0.4519	0.0927	-0.0583	0.0065	0.0187	0.0099	0.0291	0.0842	0.0442
2019	1	10	70560	1.9705e+05	-4.7551e+06	4.2323e+06	-1.1271	-0.11	-0.0818	0.0066	0.0238	0.0111	0.0297	0.1064	0.0496
2019	1	10	70561	1.9704e+05	-4.7551e+06	4.2323e+06	-1.5913	-0.1425	0.0466	0.0067	0.024	0.0112	0.0212	0.0757	0.0353
2019	1	10	70562	1.9704e+05	-4.7551e+06	4.2323e+06	-1.8637	-0.0831	0.041	0.0067	0.024	0.0112	0.015	0.0537	0.025
2019	1	10	70563	1.9704e+05	-4.7551e+06	4.2323e+06	-2.0224	-0.0603	0.1693	0.0067	0.0241	0.0113	0.03	0.1078	0.0504
2019	1	10	70564	1.9704e+05	-4.7551e+06	4.2323e+06	-2.0808	0.0077	0.1338	0.0067	0.0241	0.0112	0.015	0.0537	0.0251
2019	1	10	70565	1.9704e+05	-4.7551e+06	4.2323e+06	-1.9624	-0.0784	0.119	0.0068	0.0244	0.0114	0.0303	0.1088	0.0509
2019	1	10	70566	1.9703e+05	-4.7551e+06	4.2323e+06	-1.791	0.0369	0.0768	0.0068	0.0244	0.0114	0.0303	0.109	0.051
2019	1	10	70567	1.9703e+05	-4.7551e+06	4.2323e+06	-1.7815	0.0426	0.0561	0.0068	0.0244	0.0114	0.0302	0.1088	0.051
2019	1	10	70568	1.9703e+05	-4.7551e+06	4.2323e+06	-1.8075	-0.1287	0.0351	0.0067	0.0243	0.0114	0.0301	0.1086	0.0507
2019	1	10	70569	1.9703e+05	-4.7551e+06	4.2323e+06	-1.7962	-0.0774	-0.0227	0.0068	0.0244	0.0114	0.0151	0.0545	0.0255
2019	1	10	70570	1.9703e+05	-4.7551e+06	4.2323e+06	-1.833	-0.1919	-0.1156	0.0068	0.0244	0.0114	0.0303	0.1093	0.051
2019	1	10	70571	1.9703e+05	-4.7551e+06	4.2323e+06	-1.7708	-0.0485	-0.2898	0.0068	0.0248	0.0115	0.0305	0.1108	0.0516
2019	1	10	70572	1.9702e+05	-4.7551e+06	4.2323e+06	-1.9418	-0.3848	-0.433	0.0069	0.0253	0.0117	0.0138	0.0501	0.0233
2019	1	10	70573	1.9702e+05	-4.7551e+06	4.2323e+06	-2.0364	-0.691	-0.4804	0.007	0.0254	0.0118	0.0311	0.1134	0.0526
2019	1	10	70574	1.9702e+05	-4.7551e+06	4.2323e+06	-2.0796	-0.1147	-0.4872	0.0069	0.0253	0.0117	0.0311	0.1131	0.0525
2019	1	10	70575	1.9702e+05	-4.7551e+06	4.2323e+06	-2.0687	-0.4329	-0.3039	0.007	0.0253	0.0118	0.0313	0.1131	0.0525
2019	1	10	70576	1.9702e+05	-4.7551e+06	4.2323e+06	-2.1775	-0.1675	-0.1233	0.007	0.0255	0.0118	0.0314	0.1139	0.0528
2019	1	10	70577	1.9701e+05	-4.7551e+06	4.2323e+06	-2.1512	-0.1084	-0.0792	0.0071	0.0255	0.0119	0.0141	0.0508	0.0237
2019	1	10	70578	1.9701e+05	-4.7551e+06	4.2323e+06	-2.154	-0.4829	0.1225	0.0071	0.0253	0.0118	0.0317	0.1133	0.0528
2019	1	10	70579	1.9701e+05	-4.7551e+06	4.2323e+06	-2.1207	-0.1451	-0.0453	0.0073	0.0261	0.0121	0.0329	0.1166	0.0542
2019	1	10	70580	1.9701e+05	-4.7551e+06	4.2323e+06	-1.9562	-0.0602	-0.0702	0.0109	0.0422	0.0195	0.0194	0.0762	0.0352
2019	1	10	70581	1.9701e+05	-4.7551e+06	4.2323e+06	-2.0392	0.642	-0.3576	0.0106	0.0394	0.0203	0.0446	0.1649	0.0851
2019	1	10	70582	1.97e+05	-4.7551e+06	4.2323e+06	-1.8987	0.802	-0.1886	0.0174	0.0845	0.0363	0.0632	0.3026	0.1314
2019	1	10	70583	1.97e+05	-4.7551e+06	4.2323e+06	-1.8972	0.1469	0.0246	0.0094	0.0441	0.0184	0.0426	0.2023	0.0836
2019	1	10	70584	1.97e+05	-4.7551e+06	4.2323e+06	-1.9271	0.0735	0.0846	0.0169	0.0954	0.0384	0.0327	0.1907	0.077
2019	1	10	70585	1.97e+05	-4.7551e+06	4.2323e+06	-1.9776	-0.279	-0.0182	0.0119	0.0633	0.0273	0.0486	0.2627	0.1137
2019	1	10	70586	1.97e+05	-4.7551e+06	4.2323e+06	-1.9235	-0.0227	0.0159	0.0114	0.0636	0.028	0.0255	0.1309	0.056
2019	1	10	70587	1.9699e+05	-4.7551e+06	4.2323e+06	-1.8122	-0.0696	0.0198	0.0096	0.0419	0.0202	0.0212	0.0932	0.0424
2019	1	10	70588	1.9699e+05	-4.7551e+06	4.2323e+06	-1.7122	0.6092	-0.6001	0.0303	0.1933	0.0666	0.0516	0.3037	0.106
2019	1	10	70589	1.9699e+05	-4.7551e+06	4.2323e+06	-1.6376	-0.5911	0.7228	2.0001	2.0019	2.0008	0.0489	0.267	0.1257
2019	1	10	70590	1.9699e+05	-4.7551e+06	4.2323e+06	-1.6675	-0.253	0.3267	0.2002	0.7575	0.4775	0.024	0.1195	0.0608
2019	1	10	70591	1.9699e+05	-4.7551e+06	4.2323e+06	-1.6161	0.1101	-0.086	0.1991	0.7575	0.4768	0.0488	0.303	0.1288
2019	1	10	70592	1.9699e+05	-4.7551e+06	4.2323e+06	-1.6253	-0.0556	-0.042	0.1991	0.7575	0.4769	0.0223	0.1395	0.0587
2019	1	10	70593	1.9698e+05	-4.7551e+06	4.2323e+06	-1.6015	0.1402	-0.1002	0.1991	0.7564	0.4768	0.0356	0.1944	0.0916
2019	1	10	70595	1.9698e+05	-4.7551e+06	4.2323e+06	-1.5054	-0.0057	-0.2165	0.9544	4.3446	1.7835	0.1141	0.5193	0.2132
2019	1	10	70596	1.9698e+05	-4.7551e+06	4.2323e+06	-1.75	-1.2011	-0.0737	0.9547	4.4386	1.8491	0.1141	0.5305	0.221
2019	1	10	70597	1.9698e+05	-4.7551e+06	4.2323e+06	-1.3065	-0.2199	-0.8461	0.8464	3.6373	1.5736	0.1012	0.4347	0.1881
2019	1	10	70598	1.9698e+05	-4.7551e+06	4.2323e+06	-0.8182	-1.7014	-0.6242	0.832	3.5365	1.8666	0.0994	0.4227	0.2231
2019	1	10	70599	1.9698e+05	-4.7551e+06	4.2323e+06	-0.2546	-2.0806	-0.7207	0.8007	3.2595	1.4926	0.0957	0.3896	0.1784
2019	1	10	70600	1.9698e+05	-4.7551e+06	4.2323e+06	-0.0578	-1.2235	-1.4749	0.8249	3.4965	1.6088	0.0986	0.4179	0.1923
2019	1	10	70601	1.9698e+05	-4.7551e+06	4.2323e+06	0.3348	-1.2548	-1.1718	0.7933	3.2707	1.4655	0.0948	0.3909	0.1752
2019	1	10	70602	1.9698e+05	-4.7551e+06	4.2323e+06	0.1288	-0.6967	-1.5319	0.7762	3.152	1.4896	0.0928	0.3767	0.178
2019	1	10	70603	1.9698e+05	-4.7551e+06	4.2323e+06	0.0263	-0.8992	-1.0917	0.7992	3.3045	1.5625	0.0955	0.395	0.1868
2019	1	10	70604	1.9698e+05	-4.7551e+06	4.2323e+06	0.5293	-1.0667	-1.0795	0.9971	5.4286	2.2603	0.1192	0.6488	0.2702
2019	1	10	70605	1.9698e+05	-4.7551e+06	4.2323e+06	0.104	-1.2061	-1.051	1.0003	5.3628	2.2391	0.1196	0.641	0.2676
2019	1	10	70606	1.9698e+05	-4.7551e+06	4.2323e+06	0.1263	-0.8721	-1.2545	0.8951	4.1138	1.7841	0.107	0.4917	0.2132
2019	1	10	70607	1.9698e+05	-4.7551e+06	4.2323e+06	0.0905	-1.4782	-0.9911	0.3726	4.4489	1.3203	0.0535	0.3728	0.1848
2019	1	10	70608	1.9698e+05	-4.7551e+06	4.2323e+06	0.1568	-1.2015	-1.4542	0.8052	3.3319	1.5134	0.0962	0.3982	0.1809
2019	1	10	70609	1.9698e+05	-4.7551e+06	4.2323e+06	0.1008	-0.999	-1.1135	0.774	3.0181	1.4258	0.0925	0.3607	0.1704
2019	1	10	70610	1.9698e+05	-4.7551e+06	4.2323e+06	-0.1343	-0.9253	-1.4843	0.7645	1.7579	1.1047	0.0914	0.2101	0.132
2019	1	10	70611	1.9698e+05	-4.7551e+06	4.2323e+06	0.0227	-1.2203	-1.081	0.7708	2.3765	1.2461	0.0921	0.284	0.1489
2019	1	10	70612	1.9698e+05	-4.7551e+06	4.2323e+06	0.0851	-1.1118	-1.3387	0.7498	1.884	1.1283	0.0896	0.2252	0.1349
2019	1	10	70613	1.9698e+05	-4.7551e+06	4.2323e+06	-0.1926	-1.0033	-1.37	0.7794	1.8354	1.1193	0.0932	0.2194	0.1338
2019	1	10	70614	1.9698e+05	-4.7551e+06	4.2323e+06	0.1569	-1.1674	-1.6594	0.9222	2.0113	1.1428	0.1102	0.2404	0.1366
2019	1	10	70615	1.9698e+05	-4.7551e+06	4.2323e+06	-0.2264	-1.1598	-1.3216	0.783	1.9205	1.1292	0.0936	0.2295	0.135
2019	1	10	70616	1.9698e+05	-4.7551e+06	4.2323e+06	0.1176	-1.0344	-1.2574	0.7689	1.8011	1.107	0.0919	0.2153	0.1323
2019	1	10	70617	1.9698e+05	-4.7551e+06	4.2323e+06	0.1505	-1.1371	-1.2253	1.014	4.3234	1.7326	0.1212	0.5167	0.2071
2019	1	10	70618	1.9698e+05	-4.7551e+06	4.2323e+06	0.1026	-1.6121	-0.9537	0.9985	4.2986	1.7246	0.1193	0.5138	0.2061
2019	1	10	70619	1.9698e+05	-4.7551e+06	4.2323e+06	0.0713	-1.1771	-1.1489	0.7856	3.1017	1.4032	0.0939	0.3707	0.1677
2019	1	10	70620	1.9698e+05	-4.7551e+06	4.2323e+06	0.0181	-0.7695	-1.3952	0.776	3.0751	1.3951	0.0927	0.3675	0.1667
2019	1	10	70621	1.9698e+05	-4.7551e+06	4.2323e+06	0.0427	-0.7899	-1.4028	0.7635	3.0246	1.3808	0.0913	0.3615	0.165
2019	1	10	70622	1.9698e+05	-4.7551e+06	4.2323e+06	-0.0144	-1.0466	-1.1462	0.7578	3.0068	1.3797	0.0906	0.3594	0.1649
2019	1	10	70623	1.9698e+05	-4.7551e+06	4.2323e+06	0.0726	-0.9812	-1.1956	0.7505	2.9187	1.3577	0.0897	0.3488	0.1623
2019	1	10	70624	1.9698e+05	-4.7551e+06	4.2322e+06	0.0814	-0.7512	-1.4419	0.7433	2.4142	1.2338	0.0888	0.2885	0.1475
2019	1	10	70625	1.9698e+05	-4.7551e+06	4.2322e+06	-0.0069	-1.1316	-1.2389	0.7382	1.9547	1.1295	0.0882	0.2336	0.135
2019	1	10	70626	1.9698e+05	-4.7551e+06	4.2322e+06	0.0541	-1.0482	-1.2102	0.0126	0.0581	0.0234	0.0491	0.2266	0.0915
2019	1	10	70627	1.9698e+05	-4.7551e+06	4.2322e+06	0.0607	-1.9119	-0.8452	0.0138	0.0619	0.0248	0.0555	0.25	0.1003
2019	1	10	70628	1.9698e+05	-4.7551e+06	4.2322e+06	0.0421	-1.2067	-1.1167	0.0117	0.0661	0.0294	0.0523	0.2898	0.1274
2019	1	10	70629	1.9698e+05	-4.7551e+06	4.2322e+06	-0.0492	-1.6553	-0.9666	0.017	0.09	0.0387	0.0658	0.3498	0.1507
2019	1	10	70630	1.9698e+05	-4.7551e+06	4.2322e+06	0.0804	-1.1332	-1.2669	0.013	0.0648	0.0274	0.0358	0.1829	0.0774
2019	1	10	70631	1.9698e+05	-4.7551e+06	4.2322e+06	0.1691	-1.0082	-1.1513	0.025	0.1139	0.0442	0.1115	0.5078	0.1974
2019	1	10	70632	1.9698e+05	-4.7551e+06	4.2322e+06	0.0922	-1.0422	-1.2759	0.0271	0.1228	0.0473	0.0532	0.2411	0.0931
2019	1	10	70633	1.9698e+05	-4.7551e+06	4.2322e+06	-0.005	-0.9795	-1.3686	0.0294	0.1353	0.053	0.0922	0.4202	0.1629
2019	1	10	70634	1.9698e+05	-4.7551e+06	4.2322e+06	0.0577	-1.1843	-1.2368	0.0316	0.1454	0.0567	0.0622	0.2878	0.1131
2019	1	10	70635	1.9698e+05	-4.7551e+06	4.2322e+06	0.0673	-1.3523	-1.2065	0.0352	0.1578	0.0622	0.1572	0.7013	0.2756
2019	1	10	70636	1.9698e+05	-4.7551e+06	4.2322e+06	0.0263	-0.906	-1.4468	0.0368	0.1642	0.0631	0.1643	0.7335	0.2827
2019	1	10	70637	1.9698e+05	-4.7551e+06	4.2322e+06	0.1505	-1.1449	-1.4255	0.0388	0.1726	0.0656	0.1849	0.8231	0.3132
2019	1	10	70638	1.9698e+05	-4.7551e+06	4.2322e+06	0.0434	-1.0871	-1.2678	0.041	0.1826	0.0691	0.0809	0.36	0.1364
2019	1	10	70639	1.9698e+05	-4.7551e+06	4.2322e+06	0.1859	-1.0314	-1.0165	0.0434	0.1928	0.0728	0.1936	0.8596	0.3247
2019	1	10	70640	1.9698e+05	-4.7551e+06	4.2322e+06	0.1999	-0.8522	-1.0482	0.0458	0.2032	0.0766	0.2043	0.9064	0.3417
2019	1	10	70641	1.9698e+05	-4.7551e+06	4.2322e+06	0.0731	-0.7829	-0.9489	0.0482	0.2134	0.0802	0.2149	0.9522	0.3582
2019	1	10	70642	1.9698e+05	-4.7551e+06	4.2322e+06	0.0086	-0.5941	-0.9804	0.064	0.2837	0.1066	0.2576	1.1411	0.4289
2019	1	10	70643	1.9698e+05	-4.7551e+06	4.2322e+06	0.1061	-1.1462	-0.8169	0.0539	0.2358	0.0888	0.2406	1.0521	0.3965
2019	1	10	70644	1.9698e+05	-4.7551e+06	4.2322e+06	-0.0862	-0.9489	-0.9763	0.0713	0.3143	0.1181	0.2859	1.2597	0.4734
2019	1	10	70645	1.9698e+05	-4.7551e+06	4.2322e+06	0.0086	-1.0303	-0.9892	0.0784	0.3463	0.13	0.3228	1.4255	0.5353
2019	1	10	70646	1.9698e+05	-4.7551e+06	4.2322e+06	0.0166	-1.0467	-0.9632	0.0919	0.398	0.1501	0.3854	1.6831	0.6334
2019	1	10	70647	1.9698e+05	-4.7551e+06	4.2322e+06	0.0064	-0.7945	-1.0674	0.0635	0.2784	0.1047	0.2834	1.2425	0.4672
2019	1	10	70648	1.9698e+05	-4.7551e+06	4.2322e+06	0.1776	-0.7239	-1.196	0.0655	0.2886	0.1083	0.3219	1.4177	0.5322
2019	1	10	70649	1.9698e+05	-4.7551e+06	4.2322e+06	0.12	-0.9214	-1.1009	0.0679	0.2993	0.1123	0.3274	1.4438	0.5416
2019	1	10	70650	1.9698e+05	-4.7551e+06	4.2322e+06	-0.0284	-0.9172	-1.0719	0.0703	0.3099	0.1162	0.3138	1.3839	0.5187
2019	1	10	70651	1.9698e+05	-4.7551e+06	4.2322e+06	0.0568	-0.9406	-1.0832	0.0727	0.3208	0.1203	0.3248	1.4322	0.5367
2019	1	10	70652	1.9698e+05	-4.7551e+06	4.2322e+06	0.0115	-1.2642	-0.8965	0.0752	0.3317	0.1243	0.3359	1.4809	0.555
2019	1	10	70653	1.9698e+05	-4.7551e+06	4.2322e+06	0.0189	-1.0826	-1.1243	0.0777	0.3426	0.1284	0.347	1.5296	0.5732
2019	1	10	70654	1.9698e+05	-4.7551e+06	4.2322e+06	0.1442	-0.8829	-1.2051	0.0802	0.3535	0.1325	0.3581	1.5783	0.5915
2019	1	10	70655	1.9698e+05	-4.7551e+06	4.2322e+06	-0.0163	-0.7501	-1.2484	0.0946	0.4167	0.1562	0.3967	1.7482	0.6552
2019	1	10	70656	1.9698e+05	-4.7551e+06	4.2322e+06	0.0893	-1.1552	-1.1509	0.0852	0.3753	0.1407	0.3804	1.6758	0.6281
2019	1	10	70657	1.9698e+05	-4.7551e+06	4.2322e+06	0.0656	-1.0034	-1.174	0.0877	0.3862	0.1448	0.1741	0.767	0.2875
2019	1	10	70658	1.9698e+05	-4.7551e+06	4.2322e+06	0.0696	-1.0935	-1.1493	0.0902	0.3972	0.1489	0.1791	0.7889	0.2958
2019	1	10	70659	1.9698e+05	-4.7551e+06	4.2322e+06	0.0623	-0.9799	-1.2133	0.0927	0.4083	0.1532	0.2062	0.908	0.3406
2019	1	10	70660	1.9698e+05	-4.7551e+06	4.2322e+06	0.0543	-1.122	-1.1895	0.0952	0.4192	0.1573	0.1892	0.833	0.3125
2019	1	10	70661	1.9698e+05	-4.7551e+06	4.2322e+06	0.1283	-0.8012	-1.4404	0.0977	0.4302	0.1614	0.4365	1.9215	0.7208
2019	1	10	70662	1.9698e+05	-4.7551e+06	4.2322e+06	0.0538	-1.0981	-1.1925	0.1002	0.4412	0.1655	0.4477	1.9707	0.7393
2019	1	10	70663	1.9698e+05	-4.7551e+06	4.2322e+06	0.0246	-1.1351	-1.0682	0.1027	0.4522	0.1697	0.4589	2.0199	0.7578
2019	1	10	70664	1.9698e+05	-4.7551e+06	4.2322e+06	0.0831	-1.0383	-1.0038	0.1053	0.4632	0.1738	0.4702	2.0691	0.7764
2019	1	10	70665	1.9698e+05	-4.7552e+06	4.2322e+06	0.1306	-1.0834	-1.0357	0.1078	0.4742	0.178	0.4814	2.1183	0.795
2019	1	10	70666	1.9698e+05	-4.7552e+06	4.2322e+06	0.0432	-0.5884	-1.1934	0.1103	0.4853	0.1822	0.4927	2.1678	0.8138
2019	1	10	70667	1.9698e+05	-4.7552e+06	4.2322e+06	0.0619	-0.8515	-0.9807	0.1128	0.4964	0.1865	0.5039	2.2174	0.8327
2019	1	10	70668	1.9698e+05	-4.7552e+06	4.2322e+06	0.1041	-0.8442	-1.0647	0.1299	0.5717	0.2148	0.5488	2.4151	0.9074
2019	1	10	70669	1.9698e+05	-4.7552e+06	4.2322e+06	0.0912	-1.1284	-0.9661	0.133	0.5855	0.2201	0.5615	2.4711	0.9288
2019	1	10	70670	1.9698e+05	-4.7552e+06	4.2322e+06	0.1253	-1.1441	-0.9567	0.1204	0.5298	0.1992	0.5378	2.3668	0.8899
2019	1	10	70671	1.9698e+05	-4.7552e+06	4.2322e+06	0.0852	-1.0647	-1.1514	0.1229	0.541	0.2035	0.549	2.4168	0.9091
2019	1	10	70672	1.9698e+05	-4.7552e+06	4.2322e+06	0.0389	-1.0557	-1.0641	0.1254	0.5521	0.2078	0.5603	2.4666	0.9282
2019	1	10	70673	1.9698e+05	-4.7552e+06	4.2322e+06	0.0207	-1.1122	-1.0512	0.128	0.5633	0.212	0.5717	2.5166	0.9473
2019	1	10	70674	1.9698e+05	-4.7552e+06	4.2322e+06	0.1327	-1.2197	-1.0837	0.1305	0.5743	0.2162	0.5829	2.566	0.9661
2019	1	10	70675	1.9698e+05	-4.7552e+06	4.2322e+06	0.1035	-0.9597	-1.2455	0.133	0.5855	0.2205	0.5943	2.6159	0.9851
2019	1	10	70676	1.9698e+05	-4.7552e+06	4.2322e+06	0.0899	-1.0555	-1.2062	0.1355	0.5965	0.2247	0.2698	1.1875	0.4472
2019	1	10	70677	1.9698e+05	-4.7552e+06	4.2322e+06	0.1066	-1.0548	-1.1836	0.1381	0.6077	0.229	0.2749	1.2098	0.4558
2019	1	10	70678	1.9698e+05	-4.7552e+06	4.2322e+06	0.1077	-1.0646	-1.1955	0.1406	0.6189	0.2333	0.2799	1.2323	0.4645
2019	1	10	70679	1.9698e+05	-4.7552e+06	4.2322e+06	0.1191	-1.1057	-1.1684	0.1431	0.6301	0.2375	0.4519	1.989	0.7499
2019	1	10	70680	1.9698e+05	-4.7552e+06	4.2322e+06	0.0938	-1.0798	-1.1633	0.1457	0.6411	0.2418	0.2901	1.2767	0.4814
2019	1	10	70681	1.9698e+05	-4.7552e+06	4.2322e+06	0.0913	-1.0735	-1.1523	0.1482	0.6523	0.246	0.2952	1.2991	0.49
2019	1	10	70682	1.9698e+05	-4.7552e+06	4.2322e+06	0.0981	-1.0067	-1.2088	0.1507	0.6634	0.2503	0.3002	1.3213	0.4985
2019	1	10	70683	1.9698e+05	-4.7552e+06	4.2322e+06	0.076	-1.0643	-1.1641	0.1533	0.6745	0.2545	0.3053	1.3435	0.5069
2019	1	10	70685	1.9698e+05	-4.7552e+06	4.2322e+06	0.0846	-1.3704	-1.1031	0.821	3.2093	1.5971	0.0981	0.3836	0.1909
2019	1	10	70686	1.9698e+05	-4.7552e+06	4.2322e+06	0.067	-1.0758	-1.3065	0.7894	2.7391	1.3203	0.0943	0.3274	0.1578
2019	1	10	70687	1.9698e+05	-4.7552e+06	4.2322e+06	0.1444	-0.8794	-1.398	0.8338	3.2602	1.6264	0.0997	0.3897	0.1944
2019	1	10	70688	1.9698e+05	-4.7552e+06	4.2322e+06	0.1634	-0.9026	-1.4422	1.0203	3.1823	1.5139	0.122	0.3804	0.181
2019	1	10	70689	1.9698e+05	-4.7552e+06	4.2322e+06	0.1488	-1.2143	-1.1019	1.0268	3.1879	1.5167	0.1227	0.381	0.1813
2019	1	10	70690	1.9698e+05	-4.7552e+06	4.2322e+06	0.1401	-1.0675	-1.2158	0.784	1.8385	1.1784	0.0937	0.2197	0.1408
2019	1	10	70691	1.9698e+05	-4.7552e+06	4.2322e+06	0.1111	-0.9381	-1.1747	0.7793	1.6589	1.1696	0.0931	0.1983	0.1398
2019	1	10	70692	1.9698e+05	-4.7552e+06	4.2322e+06	0.1735	-1.0614	-1.1313	0.7892	1.6703	1.1985	0.0943	0.1996	0.1433
2019	1	10	70693	1.9698e+05	-4.7552e+06	4.2322e+06	0.1782	-1.3352	-0.823	0.7844	1.6131	1.1799	0.0938	0.1928	0.141
2019	1	10	70694	1.9698e+05	-4.7552e+06	4.2322e+06	0.1552	-0.7247	-1.1041	0.9229	3.6223	1.8171	0.1103	0.4329	0.2172
2019	1	10	70695	1.9698e+05	-4.7552e+06	4.2322e+06	0.1352	-1.2393	-1.1127	0.8931	1.8663	1.3998	0.1067	0.2231	0.1673
2019	1	10	70696	1.9698e+05	-4.7552e+06	4.2322e+06	0.0307	-0.991	-1.1153	0.8848	1.9085	1.4113	0.1058	0.2281	0.1687
2019	1	10	70697	1.9698e+05	-4.7552e+06	4.2322e+06	0.1299	-1.2911	-1.0169	0.8867	1.9001	1.4168	0.106	0.2271	0.1693
2019	1	10	70698	1.9698e+05	-4.7552e+06	4.2322e+06	0.0353	-0.9596	-1.113	0.8902	1.8733	1.4205	0.1064	0.2239	0.1698
2019	1	10	70699	1.9698e+05	-4.7552e+06	4.2322e+06	0.0488	-0.9497	-1.0397	0.9119	3.5564	1.8019	0.109	0.4251	0.2154
2019	1	10	70700	1.9698e+05	-4.7552e+06	4.2322e+06	0.1229	-1.1109	-0.9404	0.9019	2.2124	1.5012	0.1078	0.2644	0.1794
2019	1	10	70701	1.9698e+05	-4.7552e+06	4.2322e+06	0.0686	-1.2315	-1.0243	0.9051	1.9613	1.4638	0.1082	0.2344	0.175
2019	1	10	70702	1.9698e+05	-4.7552e+06	4.2322e+06	0.0847	-1.1251	-0.9737	0.9242	3.5983	1.831	0.1105	0.4301	0.2189
2019	1	10	70703	1.9698e+05	-4.7552e+06	4.2322e+06	0.1369	-0.8053	-1.115	0.9288	3.6127	1.8414	0.111	0.4318	0.2201
2019	1	10	70704	1.9698e+05	-4.7552e+06	4.2322e+06	-0.0945	-1.1185	-1.0874	0.9341	3.6315	1.8534	0.1116	0.434	0.2215
2019	1	10	70705	1.9698e+05	-4.7552e+06	4.2322e+06	0.0518	-0.935	-1.1513	0.9392	3.6496	1.865	0.1123	0.4362	0.2229
2019	1	10	70706	1.9698e+05	-4.7552e+06	4.2322e+06	0.0155	-0.8098	-1.0741	0.9457	3.6739	1.8795	0.113	0.4391	0.2246
2019	1	10	70707	1.9698e+05	-4.7552e+06	4.2322e+06	0.0032	-0.925	-1.1606	0.952	3.6972	1.8938	0.1138	0.4419	0.2263
2019	1	10	70708	1.9698e+05	-4.7552e+06	4.2322e+06	0.0143	-0.9043	-1.0648	0.959	3.7231	1.9091	0.1146	0.445	0.2282
2019	1	10	70709	1.9698e+05	-4.7552e+06	4.2322e+06	0.0013	-0.853	-1.0044	0.9659	3.7485	1.9239	0.1154	0.448	0.23
2019	1	10	70710	1.9698e+05	-4.7552e+06	4.2322e+06	0.0819	-0.9688	-1.0725	0.9739	3.7787	1.9413	0.1164	0.4516	0.232
2019	1	10	70711	1.9698e+05	-4.7552e+06	4.2321e+06	0.1442	-1.0189	-0.9749	0.9818	3.8084	1.9585	0.1173	0.4552	0.2341
2019	1	10	70712	1.9698e+05	-4.7552e+06	4.2321e+06	0.0503	-0.7048	-1.1648	0.99	3.8394	1.9758	0.1183	0.4589	0.2361
2019	1	10	70713	1.9698e+05	-4.7552e+06	4.2321e+06	0.074	-1.0501	-1.0414	0.9982	3.8684	1.9929	0.1193	0.4624	0.2382
2019	1	10	70714	1.9698e+05	-4.7552e+06	4.2321e+06	-0.0002	-1.0874	-0.9836	1.0066	3.9001	2.0112	0.1203	0.4662	0.2404
2019	1	10	70715	1.9698e+05	-4.7552e+06	4.2321e+06	0.0475	-0.8716	-1.1578	1.0148	3.931	2.0285	0.1213	0.4698	0.2425
2019	1	10	70716	1.9698e+05	-4.7552e+06	4.2321e+06	0.0698	-0.9535	-1.149	1.0236	3.9645	2.0471	0.1223	0.4738	0.2447
2019	1	10	70717	1.9698e+05	-4.7552e+06	4.2321e+06	0.0355	-1.0714	-1.2134	1.0329	3.9994	2.066	0.1235	0.478	0.2469
2019	1	10	70718	1.9698e+05	-4.7552e+06	4.2321e+06	0.0218	-0.881	-1.2339	1.0415	4.032	2.0846	0.1245	0.4819	0.2492
2019	1	10	70719	1.9698e+05	-4.7552e+06	4.2321e+06	0.0108	-1.144	-1.146	1.0509	4.0676	2.1042	0.1256	0.4862	0.2515
2019	1	10	70720	1.9698e+05	-4.7552e+06	4.2321e+06	0.0549	-1.0764	-1.1165	1.06	4.1019	2.1241	0.1267	0.4903	0.2539
2019	1	10	70721	1.9698e+05	-4.7552e+06	4.2321e+06	0.0648	-1.3039	-1.0809	1.068	3.989	2.1064	0.1277	0.4768	0.2518
2019	1	10	70722	1.9698e+05	-4.7552e+06	4.2321e+06	0.0067	-1.0176	-1.2968	1.0671	2.2234	1.7597	0.1275	0.2657	0.2103
2019	1	10	70723	1.9698e+05	-4.7552e+06	4.2321e+06	0.0998	-0.9996	-1.1542	1.0769	2.222	1.7729	0.1287	0.2656	0.2119
2019	1	10	70724	1.9698e+05	-4.7552e+06	4.2321e+06	0.0631	-1.0361	-1.2733	1.0865	2.1868	1.7811	0.1299	0.2614	0.2129
2019	1	10	70725	1.9698e+05	-4.7552e+06	4.2321e+06	0.008	-1.1286	-1.0963	1.0962	2.1509	1.7908	0.131	0.2571	0.214
2019	1	10	70726	1.9698e+05	-4.7552e+06	4.2321e+06	0.1149	-1.1718	-1.1368	1.1066	2.1718	1.8078	0.1323	0.2596	0.2161
2019	1	10	70727	1.9698e+05	-4.7552e+06	4.2321e+06	-0.0363	-1.0736	-1.2201	1.1177	2.198	1.8273	0.1336	0.2627	0.2184
2019	1	10	70728	1.9698e+05	-4.7552e+06	4.2321e+06	-0.1146	-1.043	-1.2531	1.1279	2.2389	1.8489	0.1348	0.2676	0.221
2019	1	10	70729	1.9698e+05	-4.7552e+06	4.2321e+06	0.0766	-1.2358	-1.1338	1.1383	2.2145	1.8587	0.1361	0.2647	0.2222
2019	1	10	70730	1.9698e+05	-4.7552e+06	4.2321e+06	0.0049	-0.9529	-1.3444	1.1492	2.2265	1.877	0.1374	0.2661	0.2243
2019	1	10	70731	1.9699e+05	-4.7552e+06	4.2321e+06	0.0758	-1.2183	-1.1912	1.2158	2.2755	1.8955	0.1453	0.272	0.2266
2019	1	10	70732	1.9699e+05	-4.7552e+06	4.2321e+06	0.178	-1.0841	-1.1138	1.222	2.3274	1.9194	0.1461	0.2782	0.2294
2019	1	10	70733	1.9699e+05	-4.7552e+06	4.2321e+06	0.1916	-1.4645	-0.9806	1.2282	2.3336	1.9376	0.1468	0.2789	0.2316
2019	1	10	70734	1.9699e+05	-4.7552e+06	4.2321e+06	0.0157	-1.0866	-1.0674	1.236	2.3	1.9557	0.1477	0.2749	0.2338
2019	1	10	70735	1.9699e+05	-4.7552e+06	4.2321e+06	-0.5211	-0.6182	-1.1102	1.2428	2.3198	1.9742	0.1485	0.2773	0.236
2019	1	10	70736	1.9699e+05	-4.7552e+06	4.2321e+06	0.1542	-0.8999	-1.2261	1.5541	2.4562	2.0076	0.1858	0.2936	0.24
2019	1	10	70737	1.9699e+05	-4.7552e+06	4.2321e+06	0.1151	-0.947	-0.8622	1.5575	2.4645	2.019	0.1862	0.2946	0.2413
2019	1	10	70738	1.9699e+05	-4.7552e+06	4.2321e+06	0.0132	-0.7713	-1.0686	1.2866	2.3747	2.0366	0.1538	0.2838	0.2434
2019	1	10	70739	1.9699e+05	-4.7552e+06	4.2321e+06	0.0354	-0.8176	-0.9799	1.2846	2.3839	2.0524	0.1535	0.2849	0.2453
2019	1	10	70740	1.9699e+05	-4.7552e+06	4.2321e+06	0.1308	-0.7759	-1.0705	1.2854	2.4316	2.0721	0.1536	0.2906	0.2477
2019	1	10	70741	1.9699e+05	-4.7552e+06	4.2321e+06	0.0392	-1.3858	-0.964	1.2936	2.4672	2.0934	0.1546	0.2949	0.2502
2019	1	10	70742	1.9699e+05	-4.7552e+06	4.2321e+06	-0.017	-0.8931	-1.118	1.3039	2.4568	2.1079	0.1558	0.2936	0.2519
2019	1	10	70743	1.9699e+05	-4.7552e+06	4.2321e+06	0.2891	-1.0207	-0.9474	1.3129	2.5424	2.1387	0.1569	0.3039	0.2556
2019	1	10	70744	1.9699e+05	-4.7552e+06	4.2321e+06	0.0115	-1.0092	-1.1246	1.3274	2.6601	2.174	0.1587	0.3179	0.2598
2019	1	10	70745	1.9699e+05	-4.7552e+06	4.2321e+06	0.067	-0.4436	-1.1659	1.7412	6.8101	3.3194	0.2081	0.814	0.3967
2019	1	10	70746	1.9699e+05	-4.7552e+06	4.2321e+06	0.3237	-0.2905	-1.4572	1.7433	6.6825	3.3167	0.2084	0.7987	0.3964
2019	1	10	70747	1.9699e+05	-4.7552e+06	4.2321e+06	0.0628	-0.8417	-1.117	1.7377	6.641	3.3059	0.2077	0.7938	0.3951
2019	1	10	70748	1.9699e+05	-4.7552e+06	4.2321e+06	0.178	-0.2215	-1.1897	1.4263	5.4917	2.8436	0.1705	0.6564	0.3399
2019	1	10	70749	1.9699e+05	-4.7552e+06	4.2321e+06	0.0326	-0.9568	-0.7322	1.9706	6.0666	3.0462	0.2355	0.7251	0.3641
2019	1	10	70750	1.9699e+05	-4.7552e+06	4.2321e+06	-0.3498	-1.8256	-0.2733	1.7095	5.602	2.9321	0.2043	0.6696	0.3505
2019	1	10	70751	1.9699e+05	-4.7552e+06	4.2321e+06	-0.0847	-0.7378	-0.985	1.6077	3.2746	3.7406	0.1922	0.3914	0.4471
2019	1	10	70752	1.9699e+05	-4.7552e+06	4.2321e+06	0.0124	0.1807	-1.5533	1.8106	3.3574	3.807	0.2164	0.4013	0.455
2019	1	10	70753	1.9699e+05	-4.7552e+06	4.2321e+06	0.1848	-1.0722	-0.7506	2.0796	3.1422	2.8137	0.2486	0.3756	0.3363
2019	1	10	70754	1.9699e+05	-4.7552e+06	4.2321e+06	0.0419	-0.9143	-1.2618	1.5615	5.9134	3.2648	0.1866	0.7068	0.3902
2019	1	10	70755	1.9699e+05	-4.7552e+06	4.2321e+06	-0.0142	-1.2352	-0.9257	1.5282	5.7924	3.1769	0.1827	0.6923	0.3797
2019	1	10	70756	1.9699e+05	-4.7552e+06	4.2321e+06	0.1713	-1.0303	-1.1425	1.5223	5.8288	3.1685	0.1819	0.6967	0.3787
2019	1	10	70757	1.9699e+05	-4.7552e+06	4.2321e+06	-0.1309	-1.2118	-0.9213	1.5351	5.8823	3.1855	0.1835	0.7031	0.3807
2019	1	10	70758	1.9699e+05	-4.7552e+06	4.2321e+06	-0.0416	-1.0985	-1.162	1.7559	3.201	4.1805	0.2099	0.3826	0.4997
2019	1	10	70759	1.9699e+05	-4.7552e+06	4.2321e+06	-0.0968	-1.2402	-1.1163	1.7721	3.2156	4.2222	0.2118	0.3843	0.5047
2019	1	10	70760	1.9699e+05	-4.7552e+06	4.2321e+06	-0.0251	-0.8516	-1.5089	1.7521	2.9632	2.5917	0.2094	0.3542	0.3098
2019	1	10	70761	1.9699e+05	-4.7552e+06	4.2321e+06	-0.0511	-0.82	-1.6315	1.7837	2.9451	2.6018	0.2132	0.352	0.311
2019	1	10	70762	1.9699e+05	-4.7552e+06	4.2321e+06	0.1221	-0.8418	-1.6565	2.1059	8.0276	3.9321	0.2517	0.9595	0.47
2019	1	10	70763	1.9699e+05	-4.7552e+06	4.2321e+06	-0.2281	-0.3756	-1.643	2.1658	7.9815	3.9719	0.2589	0.954	0.4747
2019	1	10	70764	1.9699e+05	-4.7552e+06	4.2321e+06	-0.0854	-0.3862	-1.7418	2.4804	11.211	4.6891	0.2965	1.34	0.5605
2019	1	10	70765	1.9699e+05	-4.7553e+06	4.2321e+06	-0.0046	-1.0298	-1.4591	2.462	8.6618	3.9439	0.2943	1.0353	0.4714
2019	1	10	70766	1.9699e+05	-4.7553e+06	4.2321e+06	-0.0317	-1.5894	-1.1568	2.4884	11.059	4.6536	0.2974	1.3218	0.5562
2019	1	10	70767	1.9699e+05	-4.7553e+06	4.2321e+06	0.1443	-1.8979	-0.9575	2.2183	8.3753	4.237	0.2651	1.001	0.5064
2019	1	10	70768	1.9699e+05	-4.7553e+06	4.2321e+06	-0.0153	-0.4846	-1.8904	2.2475	11.396	8.18	0.2686	1.362	0.9777
2019	1	10	70769	1.9699e+05	-4.7553e+06	4.2321e+06	0.0273	-1.0444	-1.2127	2.2574	11.459	8.2453	0.2698	1.3696	0.9855
2019	1	10	70770	1.9699e+05	-4.7553e+06	4.2321e+06	0.1326	-0.4352	-1.4989	2.2724	11.064	7.7347	0.2716	1.3224	0.9245
2019	1	10	70771	1.9699e+05	-4.7553e+06	4.2321e+06	0.2585	0.0127	-1.3554	2.2739	9.2661	5.3557	0.2718	1.1075	0.6401
2019	1	10	70772	1.9699e+05	-4.7553e+06	4.2321e+06	-0.1827	-1.3809	-0.8621	2.3116	11.788	8.5055	0.2763	1.4089	1.0166
2019	1	10	70773	1.9699e+05	-4.7553e+06	4.2321e+06	0.0418	-1.438	-0.5626	2.3328	11.923	8.6043	0.2788	1.4251	1.0284
2019	1	10	70774	1.9699e+05	-4.7553e+06	4.2321e+06	0.3087	-2.9963	0.3362	2.3486	11.525	8.0456	0.2807	1.3775	0.9616
2019	1	10	70775	1.9699e+05	-4.7553e+06	4.2321e+06	0.5857	0.641	-2.0184	2.4026	12.194	8.8011	0.2872	1.4575	1.0519
2019	1	10	70776	1.9699e+05	-4.7553e+06	4.2321e+06	0.1982	-0.8932	-1.0059	2.4157	11.703	8.1808	0.2887	1.3988	0.9778
2019	1	10	70777	1.9699e+05	-4.7553e+06	4.2321e+06	0.0323	-1.5383	-0.7994	2.4575	13.157	9.3042	0.2937	1.5726	1.1121
2019	1	10	70778	1.9699e+05	-4.7553e+06	4.2321e+06	-0.0982	-1.4712	-0.9008	2.4587	12.222	8.4506	0.2939	1.4608	1.01
2019	1	10	70779	1.9699e+05	-4.7553e+06	4.2321e+06	0.2728	-1.3018	-1.0643	2.4663	9.8463	5.3525	0.2948	1.1769	0.6397
2019	1	10	70780	1.9699e+05	-4.7553e+06	4.2321e+06	-0.1285	-1.0656	-1.2071	2.4772	9.5532	4.8462	0.2961	1.1418	0.5792
2019	1	10	70781	1.9699e+05	-4.7553e+06	4.2321e+06	0.03	-0.971	-1.2925	2.5241	13.143	9.4626	0.3017	1.5709	1.131
